function [selectFund,weight] = getSelectionFund()
selectFund =[
160631
163113
165521
160218
160219
161025
160222
160630
    
];
weight = [
24
9
16
11
9
9
9
13   
];

end