function [selectFund,weight] = getSelectionFund()
selectFund =[
165521
163113
161025
161024
160631
160630
160626
160625
160222
160219
160218

    
];
weight = [
0.15
0.08
0.08
0.05
0.22
0.05
0.05
0.1
0.05
0.08
0.09
];

end